0:	4.316723207547171,13.269745283018864,2.693338518314395
0:	14.724340425531915,4.974631914893615,2.693338518314395
0:	3.5064963157894735,5.063863157894737,2.693338518314395
0:	14.788949494949495,15.010252525252522,2.693338518314395
1:	4.434091648148148,13.26602222222222,2.730310580352679
1:	3.5035370909090906,4.956469636363636,2.730310580352679
1:	14.664237254901964,4.939456470588234,2.730310580352679
1:	14.783270833333328,15.165104166666657,2.730310580352679
10:	4.698506862745097,13.187527450980388,2.6308940418480864
10:	3.712431636363637,4.937072545454544,2.6308940418480864
10:	14.690980392156863,5.002732745098039,2.6308940418480864
10:	14.863060606060602,15.23729292929293,2.6308940418480864
11:	4.686785454545455,12.989985454545456,2.633254812155248
11:	14.768139999999995,5.0431317999999985,2.633254812155248
11:	3.6926425490196078,4.7840927450980395,2.633254812155248
11:	14.841600000000001,15.191279999999999,2.633254812155248
12:	4.701703636363638,12.901585454545458,2.5906356696368875
12:	14.828300000000002,4.9061676000000025,2.5906356696368875
12:	3.7328135294117653,4.825025098039216,2.5906356696368875
12:	14.854370000000008,15.070879999999994,2.5906356696368875
13:	4.798899999999998,13.144603846153846,2.5554144390310647
13:	14.834489795918373,4.929264346938778,2.5554144390310647
13:	3.7417331481481475,5.007324629629629,2.5554144390310647
13:	14.872794059405946,15.06130693069307,2.5554144390310647
14:	4.832834615384616,13.10134423076923,2.554271750654885
14:	14.80797916666667,4.690738541666668,2.554271750654885
14:	3.760163888888889,4.983951851851852,2.554271750654885
14:	14.900862745098038,15.026725490196073,2.554271750654885
15:	4.855307692307692,13.109221153846152,2.599160719271317
15:	14.830062499999999,4.897438125000002,2.599160719271317
15:	3.783492037037036,5.095088888888888,2.599160719271317
15:	14.923666666666662,15.049666666666667,2.599160719271317
16:	4.756959259259259,12.986429629629628,2.5995621931789663
16:	14.847729166666667,4.9359025,2.5995621931789663
16:	3.90172173076923,4.910305769230769,2.5995621931789663
16:	14.933637254901956,15.022686274509809,2.5995621931789663
17:	4.8964094339622655,13.102254716981134,2.5847441174437966
17:	14.916755102040817,4.926570204081634,2.5847441174437966
17:	3.833516792452831,4.943356037735849,2.5847441174437966
17:	14.923,15.046168316831682,2.5847441174437966
18:	4.922971153846153,13.099913461538469,2.551183101293764
18:	15.03939215686274,5.132837254901963,2.551183101293764
18:	3.86888537037037,4.941851851851852,2.551183101293764
18:	14.896676767676764,15.096131313131314,2.551183101293764
19:	4.894949999999999,13.17869038461538,2.5651892982494093
19:	14.994923076923074,5.198230192307692,2.5651892982494093
19:	3.9396166666666668,5.036092592592593,2.5651892982494093
19:	14.941275510204083,15.11733673469388,2.5651892982494093
2:	4.464505283018869,13.210907547169812,2.657801024884072
2:	14.654341666666665,4.863618333333332,2.657801024884072
2:	3.5873652363636355,5.052563636363636,2.657801024884072
2:	14.747996,15.052891000000004,2.657801024884072
20:	4.974372549019607,13.214027450980396,2.541786925679422
20:	3.9361141818181817,5.131809090909091,2.541786925679422
20:	15.01234,5.0971199999999985,2.541786925679422
20:	14.957979999999997,15.050360000000005,2.541786925679422
21:	4.950980769230768,13.080459615384616,2.58482994571911
21:	3.978707037037037,5.002298629629629,2.58482994571911
21:	15.026180000000002,5.05342486,2.58482994571911
21:	14.977049999999997,15.073669999999998,2.58482994571911
22:	4.9559384615384605,13.076817307692304,2.5437604199980672
22:	15.069960784313725,5.335588235294117,2.5437604199980672
22:	4.0132627777777765,4.980316666666665,2.5437604199980672
22:	14.979202020202013,15.130080808080812,2.5437604199980672
23:	5.0474313725490205,13.141176470588231,2.5738478997592162
23:	15.06314,5.147759000000001,2.5738478997592162
23:	3.98637309090909,5.084925454545455,2.5738478997592162
23:	15.005419999999997,15.11225,2.5738478997592162
24:	15.096711538461541,5.038406730769231,2.6228579827938354
24:	5.065809803921569,13.21042745098039,2.6228579827938354
24:	4.007733636363637,5.103132727272728,2.6228579827938354
24:	15.021500000000005,15.221979591836728,2.6228579827938354
25:	5.015281132075472,12.963032075471702,2.5968392777330047
25:	4.063560377358491,4.886394339622642,2.5968392777330047
25:	15.057264150943393,5.265990188679248,2.5968392777330047
25:	15.066123711340204,15.266412371134015,2.5968392777330047
26:	5.064407407407408,12.90477592592593,2.5882442054214203
26:	4.049099999999999,4.82661653846154,2.5882442054214203
26:	15.081299999999997,5.131945400000001,2.5882442054214203
26:	15.079979999999995,15.131759999999995,2.5882442054214203
27:	5.154856862745098,13.19703725490196,2.618004176707575
27:	4.070129090909091,5.049231327272728,2.618004176707575
27:	15.08039215686275,5.058204117647059,2.618004176707575
27:	15.105848484848483,15.215787878787884,2.618004176707575
28:	5.006225,12.822546428571432,2.5782095671281637
28:	15.11735294117647,5.197083333333332,2.5782095671281637
28:	4.177904000000001,4.7452852,2.5782095671281637
28:	15.10935353535353,15.191696969696972,2.5782095671281637
29:	5.079834545454545,12.90514,2.5806970557257793
29:	4.155607843137254,4.835895156862746,2.5806970557257793
29:	15.091000000000001,5.10321568627451,2.5806970557257793
29:	15.157717171717172,15.193424242424241,2.5806970557257793
3:	4.461207381818182,12.977190909090911,2.6469722279692305
3:	14.582141509433963,5.468304754716981,2.6469722279692305
3:	3.6642216037735857,4.848810943396225,2.6469722279692305
3:	14.844785263157899,15.236926315789482,2.6469722279692305
30:	5.223631372549019,13.17666666666667,2.5728874727398563
30:	4.0391814814814815,5.026949259259259,2.5728874727398563
30:	15.037847169811323,5.0958575471698095,2.5728874727398563
30:	15.158826530612247,15.238153061224484,2.5728874727398563
31:	5.2199,13.022513207547167,2.5990772019403834
31:	4.044794230769232,4.936231346153846,2.5990772019403834
31:	15.14036470588235,4.89541725490196,2.5990772019403834
31:	15.1313,15.097670000000003,2.5990772019403834
32:	5.275176470588236,13.060268627450977,2.5887015905871382
32:	15.125088461538464,4.992608230769231,2.5887015905871382
32:	4.083183333333333,5.198841481481481,2.5887015905871382
32:	15.166111111111109,15.137454545454549,2.5887015905871382
33:	5.254028846153846,13.247365384615383,2.6427946880403
33:	4.127949056603772,5.022805283018867,2.6427946880403
33:	15.147005999999998,4.549377899999999,2.6427946880403
33:	15.18268316831684,15.013015841584167,2.6427946880403
34:	5.303846153846153,13.009792307692306,2.602740472813231
34:	4.122573584905659,5.052677358490566,2.602740472813231
34:	15.064840000000002,4.925120339999999,2.602740472813231
34:	15.248881188118812,15.040297029702977,2.602740472813231
35:	5.28286851851852,13.029890740740736,2.6318338438650697
35:	4.144243137254902,4.917349019607844,2.6318338438650697
35:	15.100784313725496,4.842782745098037,2.6318338438650697
35:	15.262820000000001,15.104796000000006,2.6318338438650697
36:	5.338960000000001,13.272040000000004,2.6182873019486608
36:	4.2271709090909075,5.169270805454546,2.6182873019486608
36:	15.170890909090911,5.195984181818182,2.6182873019486608
36:	15.253979166666673,15.28415625,2.6182873019486608
37:	5.3617129629629625,12.921605555555562,2.579905351598558
37:	15.184150943396224,5.263850000000001,2.579905351598558
37:	4.16802549019608,4.9341960784313725,2.579905351598558
37:	15.273520408163266,15.195999999999996,2.579905351598558
38:	5.193821999999999,13.150837999999998,2.611862341403342
38:	15.168849056603772,5.213809056603774,2.611862341403342
38:	4.2562113207547165,5.145630754716983,2.611862341403342
38:	15.203070000000002,15.205369999999991,2.611862341403342
39:	5.268031372549021,13.052494117647061,2.5838828086677856
39:	15.182204081632655,4.87576530612245,2.5838828086677856
39:	4.212996153846154,5.040396153846155,2.5838828086677856
39:	15.218932692307693,15.003394230769231,2.5838828086677856
4:	4.478784107142858,12.920685714285712,2.6531104030318207
4:	14.62509,4.925901200000001,2.6531104030318207
4:	3.595119235294118,4.8489450980392155,2.6531104030318207
4:	14.789793939393947,15.086444444444444,2.6531104030318207
40:	5.258915384615384,13.068307692307693,2.647040549864261
40:	4.251511764705884,4.888555490196079,2.647040549864261
40:	15.20020408163265,4.668493530612244,2.647040549864261
40:	15.23888461538462,15.022471153846157,2.647040549864261
41:	5.308649999999999,13.010948,2.602915268839317
41:	4.291990566037735,5.09897358490566,2.602915268839317
41:	15.223857142857144,4.759574285714286,2.602915268839317
41:	15.259653846153851,14.972432692307697,2.602915268839317
42:	5.26765,13.118136,2.6351502605124484
42:	15.248265306122448,4.84048836734694,2.6351502605124484
42:	4.3730339622641505,5.061764150943397,2.6351502605124484
42:	15.271644230769224,15.129298076923076,2.6351502605124484
43:	5.325157692307693,12.838501923076922,2.6222595566083404
43:	4.11691224489796,4.86442755102041,2.6222595566083404
43:	15.044707999999998,4.724496000000001,2.6222595566083404
43:	15.283523809523807,15.05054380952381,2.6222595566083404
44:	5.340279166666668,13.192133333333333,2.676501380108077
44:	4.347525925925926,5.251861111111111,2.676501380108077
44:	15.172918367346938,4.619610408163265,2.676501380108077
44:	15.301142857142857,15.06317238095238,2.676501380108077
45:	5.405754000000001,13.072826,2.6133210002538436
45:	15.091334545454542,5.166381090909092,2.6133210002538436
45:	4.179474509803922,5.099958823529412,2.6133210002538436
45:	15.318810000000008,15.167059999999998,2.6133210002538436
46:	5.328882352941176,12.885576470588237,2.6134899702779837
46:	15.06765849056604,4.9319813207547165,2.6134899702779837
46:	4.288758,4.95529,2.6134899702779837
46:	15.35653921568627,15.070313725490196,2.6134899702779837
47:	5.3735173076923095,12.888634615384614,2.6184666866997284
47:	15.098226415094341,4.9771666037735836,2.6184666866997284
47:	4.26118775510204,4.9441530612244895,2.6184666866997284
47:	15.390823529411763,15.085843137254903,2.6184666866997284
48:	5.460172549019607,13.022643137254905,2.6147925547326616
48:	15.178196078431377,4.805266470588235,2.6147925547326616
48:	4.250330000000002,5.094126000000001,2.6147925547326616
48:	15.36885576923077,15.005673076923065,2.6147925547326616
49:	5.517860784313726,13.069999999999997,2.6119154336881163
49:	4.237860000000002,4.9583132,2.6119154336881163
49:	15.205215686274514,4.8040584313725505,2.6119154336881163
49:	15.379817307692312,15.008961538461543,2.6119154336881163
5:	4.607538867924528,13.12464150943396,2.6278873448034115
5:	14.657182000000002,4.771457120000001,2.6278873448034115
5:	3.5856142592592595,4.946425925925924,2.6278873448034115
5:	14.797033333333331,15.05804040404041,2.6278873448034115
50:	5.531007843137254,12.939701960784314,2.6548473883336126
50:	15.016188679245289,5.0008726415094324,2.6548473883336126
50:	4.079983333333334,4.917606041666668,2.6548473883336126
50:	15.418999999999995,15.037086538461534,2.6548473883336126
51:	5.489841176470589,12.927098039215688,2.693102974988185
51:	4.173720833333333,4.942435416666666,2.693102974988185
51:	15.138707407407404,4.874272962962965,2.693102974988185
51:	15.386106796116504,15.048699029126208,2.693102974988185
52:	5.544154901960785,12.894970588235296,2.67963616199394
52:	4.15996875,4.882017291666666,2.67963616199394
52:	15.173137037037034,4.83903925925926,2.67963616199394
52:	15.398242718446607,15.043651456310688,2.67963616199394
53:	5.584807692307692,12.923036538461535,2.661923341943743
53:	4.137236170212765,4.890193617021278,2.661923341943743
53:	15.216487037037037,4.988805740740741,2.661923341943743
53:	15.443436893203888,15.06903883495146,2.661923341943743
54:	5.616452000000001,13.120834000000002,2.7304679654603756
54:	4.211700000000001,5.040834081632654,2.7304679654603756
54:	15.27357777777778,4.894120925925926,2.7304679654603756
54:	15.452320388349511,15.049291262135924,2.7304679654603756
55:	5.476290384615385,12.818073076923074,2.718231241260023
55:	15.22491851851852,4.90077962962963,2.718231241260023
55:	4.236295652173914,4.74056195652174,2.718231241260023
55:	15.472951923076922,15.055221153846155,2.718231241260023
56:	5.720628,13.014850000000001,2.741013236354349
56:	4.220844897959184,5.1296653061224475,2.741013236354349
56:	15.337672727272725,4.759854181818182,2.741013236354349
56:	15.548176470588237,15.094411764705873,2.741013236354349
57:	5.779002040816326,13.148777551020407,2.770542062906129
57:	4.244320000000001,4.9868636,2.770542062906129
57:	15.424925925925935,4.813484444444445,2.770542062906129
57:	15.575184466019417,15.047194174757282,2.770542062906129
58:	5.477125925925925,13.495274074074073,2.805931937192136
58:	15.41493333333333,5.572773333333332,2.805931937192136
58:	4.2281821428571424,5.613850000000001,2.805931937192136
58:	15.545313432835819,15.246805970149252,2.805931937192136
6:	4.587300452830189,13.09115094339623,2.63062414250019
6:	14.749576470588236,5.06713450980392,2.63062414250019
6:	3.566918301886792,4.926504528301885,2.63062414250019
6:	14.741733333333332,15.121646464646469,2.63062414250019
7:	4.528023773584905,13.025915094339616,2.571971998914052
7:	14.735961999999999,5.0665052,2.571971998914052
7:	3.689457924528302,4.89866603773585,2.571971998914052
7:	14.764986999999996,15.06134,2.571971998914052
8:	4.632908301886792,13.033645283018867,2.572913218993886
8:	14.71706923076923,5.163026538461538,2.572913218993886
8:	3.63775137735849,4.879169811320755,2.572913218993886
8:	14.794442857142856,15.153122448979587,2.572913218993886
9:	4.7633086538461535,13.24007692307692,2.6270912080422057
9:	14.706941176470586,5.134938823529413,2.6270912080422057
9:	3.681761654545454,5.107389090909092,2.6270912080422057
9:	14.888224489795917,15.213438775510205,2.6270912080422057
